<?xml version="1.0"?>
<opencv_storage>
<camera_matrix type_id="opencv-matrix">
  <rows>3</rows>
  <cols>3</cols>
  <dt>d</dt>
  <data>
    1.5394669466600200e+04 0. 9.2346042863364414e+02 0.
    2.9570480298478383e+03 5.2145889735073274e+02 0. 0. 1.</data></camera_matrix>
<dist_coeffs type_id="opencv-matrix">
  <rows>1</rows>
  <cols>5</cols>
  <dt>d</dt>
  <data>
    -1.1461836784859267e+01 -2.3965814223166640e+03
    1.8467924985538671e+00 7.0408019649323239e-01 2.0202855815283640e+05</data></dist_coeffs>
</opencv_storage>
