<?xml version="1.0"?>
<opencv_storage>
<camera_matrix type_id="opencv-matrix">
  <rows>3</rows>
  <cols>3</cols>
  <dt>d</dt>
  <data>
    2.0540037029927075e+03 0. 2.2951357949705971e+02 0.
    2.0540037029927075e+03 2.4327974543478956e+02 0. 0. 1.</data></camera_matrix>
<dist_coeffs type_id="opencv-matrix">
  <rows>14</rows>
  <cols>1</cols>
  <dt>d</dt>
  <data>
    -7.9539643357480792e+00 -2.8868168071564043e+01
    9.5249586690187543e-02 8.6479082247699929e-02 2.5155991795971252e+02
    -6.9065449463640372e+00 -4.2879921161015481e+01
    2.9845231882375663e+02 0. 0. 0. 0. 0. 0.</data></dist_coeffs>
</opencv_storage>
