<?xml version="1.0"?>
<opencv_storage>
<camera_matrix type_id="opencv-matrix">
  <rows>3</rows>
  <cols>3</cols>
  <dt>d</dt>
  <data>
<<<<<<< HEAD
    8.2497862480449646e+02 0. 1.2724066035072934e+02 0.
    8.2497862480449646e+02 1.2481911082966114e+02 0. 0. 1.</data></camera_matrix>
=======
    2.0540037029927075e+03 0. 2.2951357949705971e+02 0.
    2.0540037029927075e+03 2.4327974543478956e+02 0. 0. 1.</data></camera_matrix>
>>>>>>> 8e63e94864d7ec8dfd187c3ebf152a54c21ab442
<dist_coeffs type_id="opencv-matrix">
  <rows>14</rows>
  <cols>1</cols>
  <dt>d</dt>
  <data>
<<<<<<< HEAD
    -1.3827305157143812e+02 1.2723312349082813e+04
    -2.0155822819882818e-02 1.6518724713965854e-01
    2.4876311947120641e+04 -1.4627111357391243e+02
    1.4445500970258343e+04 -2.2948666756730185e+04 0. 0. 0. 0. 0. 0.</data></dist_coeffs>
=======
    -7.9539643357480792e+00 -2.8868168071564043e+01
    9.5249586690187543e-02 8.6479082247699929e-02 2.5155991795971252e+02
    -6.9065449463640372e+00 -4.2879921161015481e+01
    2.9845231882375663e+02 0. 0. 0. 0. 0. 0.</data></dist_coeffs>
>>>>>>> 8e63e94864d7ec8dfd187c3ebf152a54c21ab442
</opencv_storage>
